[KnifeParam]
Width=914.000000
Height=50.000000
Deburringwidth=2.500000
Kerfwidth=0.500000
KnifeShifting=0
OtherKerfWidth=6.000000
ArrangingOrigin=0
PreDeburring=0
SmallCpnNoTexture=0
MinLen1=0.0
MinWidth1=0.0
MinLen2=0.0
MinWidth2=0.0
RemainderLibrary=0
[Machine]
ProcessSpeech=8000.000000
CutSpeech=8000.000000
EndSpeech=8000.000000
UpHeight=45.000000
DownHeight=0.500000
Distance1=30.000000
Distance2=20.000000
Ringset=D01
OverSpeech=8000.000000
IsOutPutExcel=0
KnifeOrgOffset=2.000000
[SmallCut]
MinArea=300.000000
MinLong=50.00
MinWidth=50.00
KeepThickness=3.000000
SecondSpeedRate=800.000000
LMidPos=0
LDoubleCut=0
twoCut_threshold=0.000000
twoCut_reserve=0.000000
twoCut_speed=0.000000
